41,52|-2,37
38,88|-65,-43
55,57|-37,78
64,89|-53,31
55,40|-74,95
55,60|87,-22
99,26|-39,86
83,6|61,33
26,38|82,-66
21,4|70,-16
88,85|-90,-62
60,58|28,11
69,72|8,24
89,95|-44,14
29,76|-69,36
77,50|52,56
63,53|50,-86
10,40|-19,86
37,91|93,-87
75,13|11,-65
56,50|45,-22
21,91|-66,39
65,49|-48,-46
18,52|27,2
87,69|-37,-5
10,93|20,58
63,10|-53,-90
30,0|-62,67
60,12|85,-18
33,67|81,-20
11,36|-29,-29
46,38|-59,-4
67,62|99,56
7,27|-34,-60
50,49|-6,-71
40,37|33,-34
59,92|89,-21
63,19|-55,84
69,0|-93,-4
74,19|46,-4
4,98|-34,48
6,89|-67,20
4,62|-25,41
80,69|-41,7
75,98|-90,-65
45,19|-8,99
89,4|61,38
79,101|56,-85
16,77|-69,9
84,97|-98,53
6,80|18,-96
93,49|-86,-49
2,27|-6,24
46,65|-54,-20
97,29|15,3
43,96|81,31
78,90|-46,-94
29,88|32,58
1,67|-36,78
92,69|-37,56
74,9|-49,-63
20,39|26,86
60,16|-53,18
11,33|98,56
28,90|-35,75
21,93|76,28
55,55|-2,54
20,62|23,81
91,27|95,20
97,21|-36,13
84,86|58,75
49,57|40,49
40,44|39,-51
14,59|-77,2
58,43|-53,-44
50,82|-52,-72
51,40|-7,5
80,98|-97,92
62,34|-3,-88
68,57|53,53
33,84|-15,-40
47,82|83,90
91,24|4,-34
68,79|85,-53
69,16|57,-23
36,31|-88,-13
67,47|7,-15
55,6|-8,-75
45,77|-63,68
19,69|79,-9
99,85|-34,63
73,43|57,-66
0,17|-48,43
82,68|-91,83
17,33|77,10
37,68|78,-35
88,63|10,73
12,24|24,-36
10,6|-77,-65
90,91|69,14
81,93|-78,67
62,20|1,72
87,102|-90,-65
5,67|-39,61
24,79|61,-95
28,46|-73,-39
4,11|74,-34
35,22|28,-94
81,4|6,92
4,23|-83,1
41,19|36,-19
47,65|98,-84
87,73|58,-47
40,45|-9,-78
27,24|32,8
24,1|-40,-55
67,13|10,97
25,92|-6,-69
78,89|-68,19
14,37|22,42
16,58|-79,-81
78,58|4,17
86,46|58,59
20,2|-23,33
56,65|96,-80
87,51|-90,-5
60,75|99,-67
21,36|80,-34
96,19|-37,-80
96,96|97,-37
2,15|-10,-78
31,34|36,52
15,58|23,-32
15,62|-26,-81
42,13|-63,-85
40,83|-97,81
31,20|-16,45
47,26|-6,-14
84,4|10,-16
51,42|-60,-34
60,46|-47,-71
71,30|-46,-78
91,63|10,-29
56,61|96,44
19,14|-76,-4
36,53|31,-76
19,90|-76,43
42,6|-12,-48
57,50|26,23
84,86|11,85
85,23|-53,75
71,10|29,17
4,37|-90,-95
67,96|79,14
37,38|-23,91
55,93|-56,21
43,55|-12,81
82,75|66,56
87,58|-44,17
41,91|33,-5
36,64|23,-64
28,86|-94,-78
74,82|53,90
40,95|90,-23
10,92|-78,-23
31,99|78,40
10,5|-37,3
10,5|-31,60
64,50|-53,92
26,102|22,28
78,23|85,-15
18,58|-83,-57
66,101|-57,34
47,47|1,5
69,78|-57,30
53,25|43,47
59,67|-96,93
75,70|-45,46
44,64|-12,27
10,35|-79,-83
74,48|61,-7
74,98|61,-97
2,69|-52,-28
51,89|-58,85
93,8|49,99
0,20|69,22
99,32|-89,27
14,54|-26,66
58,40|-87,-28
53,13|-61,-80
87,7|-91,94
59,92|2,-17
81,25|5,16
90,2|13,-66
96,76|58,12
48,98|91,-60
61,50|-7,-71
80,30|46,-30
12,100|61,-31
74,2|-95,92
41,58|55,-79
41,98|87,-60
65,60|25,-4
42,71|30,61
19,68|33,22
98,6|-89,-16
50,78|99,-27
28,74|-63,24
48,80|-68,-23
20,13|55,-33
90,26|-32,67
64,19|-1,-97
25,27|28,-78
100,7|63,87
9,32|72,-88
24,41|-75,37
40,88|-14,-18
71,22|-49,-85
94,54|67,49
91,30|58,-46
5,28|93,-72
99,85|-78,-77
85,20|-72,-12
82,7|55,1
6,50|76,96
28,54|-20,-59
37,88|34,4
76,70|-94,31
26,83|75,92
80,94|64,53
12,81|-77,46
85,46|59,44
79,90|-71,-85
42,68|-97,-59
86,47|62,76
56,6|-90,47
64,88|98,-33
67,31|35,97
32,0|-64,46
94,7|65,33
90,32|-87,96
38,96|-68,80
33,57|73,27
28,2|80,53
36,44|19,33
23,35|76,-12
98,58|66,83
23,1|71,-60
45,1|-10,-21
57,86|96,-62
9,2|71,6
75,57|-90,-71
9,21|-94,-66
50,89|92,97
46,32|-12,79
89,8|-92,-7
83,84|59,-8
17,89|-93,9
33,6|-16,48
26,19|-71,89
37,73|86,-8
45,39|77,24
0,58|64,71
82,75|-8,-93
45,63|-11,-92
65,11|-1,-80
97,101|-36,-53
57,12|94,-80
3,7|33,-85
100,85|43,98
35,5|32,-97
72,83|45,-52
10,73|74,56
64,49|-1,-86
26,93|51,-77
52,95|98,-26
11,64|18,88
46,46|87,91
72,53|18,12
66,12|-50,89
26,99|24,9
79,80|4,46
59,15|2,11
10,52|36,-99
57,45|-55,27
95,73|64,73
58,22|93,35
4,77|91,23
47,25|43,-53
72,41|50,93
64,9|-4,67
78,67|55,-69
35,12|-64,82
85,27|61,35
92,25|-64,27
66,58|84,-94
9,47|-25,-69
86,76|-34,-25
86,77|-41,-89
97,12|-79,-26
45,89|-86,-92
28,28|83,84
73,82|10,9
75,66|-79,20
90,39|54,79
17,63|23,83
10,72|73,-52
89,73|-83,-42
21,43|-76,15
100,94|-63,-75
27,1|-72,28
39,2|-48,92
32,86|96,-93
66,60|-52,95
99,101|-86,-26
11,44|73,76
14,63|74,29
29,101|78,-55
49,37|78,67
58,36|93,25
9,58|-26,-17
42,91|4,91
4,55|-35,76
36,61|82,5
82,51|9,-44
52,32|-2,27
9,15|-94,-40
34,26|-18,-24
4,66|-37,76
30,15|31,-95
21,43|77,-83
46,57|-69,-64
70,81|6,-30
12,22|-71,-34
98,86|-86,-35
92,89|13,21
14,59|26,44
1,12|-84,18
57,53|-55,44
18,48|76,59
50,9|-11,60
86,34|60,79
58,2|-64,-92
35,69|23,-99
20,23|34,91
50,88|-67,48
93,50|-91,-98
56,15|16,-25
83,30|-8,4
59,54|44,-10
82,68|56,-84
30,29|-68,90
80,26|99,-28
16,60|-77,83
35,72|-65,-79
70,85|-12,57
19,26|76,68
66,102|66,-44
77,33|98,81
3,7|-99,-65
37,24|-87,-32
85,19|-44,67
26,34|-72,52
13,1|-79,-80
0,65|24,93
88,30|-92,-33
100,37|-71,62
46,1|47,-10
37,34|78,-83
1,49|-90,-20
42,58|42,86
72,93|4,-75
75,91|64,-93
3,17|69,-75
99,53|-33,-88
13,21|21,-68
96,8|33,40
45,77|88,51
3,0|66,-11
88,78|96,54
6,58|21,66
47,81|-18,85
63,16|-10,87
8,25|-33,-24
20,34|-34,85
90,46|-47,17
41,33|36,-61
60,101|-72,50
43,79|96,-69
87,44|-39,-93
20,85|78,21
70,73|-54,-10
43,14|29,-15
19,38|76,91
23,68|-19,88
5,100|-89,85
10,86|-76,90
24,25|28,96
88,83|-40,-35
69,74|12,78
82,23|-48,-9
92,76|61,-3
29,37|25,63
66,25|-81,-28
72,94|-47,-23
58,93|82,52
11,2|69,-92
29,42|-27,81
80,29|2,-95
98,30|65,89
6,75|27,68
66,27|47,-46
99,7|-93,45
50,86|34,65
41,50|-12,71
39,67|90,-94
43,84|87,14
5,38|-81,71
51,95|-2,77
86,79|-34,73
80,30|4,2
3,43|-29,18
29,27|-59,31
27,85|-71,41
94,64|-37,2
69,32|-98,-7
0,34|69,-34
38,90|95,-50
67,2|44,-50
24,42|-77,69
12,76|-67,78
60,92|50,-77
76,79|56,90
62,13|40,1
75,46|55,71
10,99|-31,9
83,30|-44,-61
16,11|-18,-27
21,21|-28,-71
85,83|11,-35
79,58|89,41
59,76|-5,-62
97,45|69,88
41,74|33,56
10,30|-9,25
54,18|96,-90
43,74|-19,26
69,25|8,-36
38,80|23,-60
24,89|-73,-55
18,62|-25,-81
90,73|34,97
1,97|-84,97
25,27|-77,14
61,78|56,-78
97,67|58,-94
56,46|63,-11
76,37|57,-5
46,21|45,55
77,50|54,86
95,13|-38,-78
28,34|-72,-61
57,54|-17,-31
16,62|59,-93
98,43|73,-81
49,31|-56,57
12,94|-53,-64
36,20|-68,35
86,64|-42,-3
82,70|-56,-51
43,13|-20,23
48,56|-22,-3
49,89|90,75
54,91|-62,-21
56,52|-8,49
92,101|10,18
83,66|5,76
32,16|-51,50
72,3|-81,-59
76,63|-39,19
23,66|81,88
31,55|-69,1
61,24|92,37
19,20|82,42
35,34|83,64
29,54|74,-59
24,39|-94,11
24,42|-80,-32
76,43|93,3
98,57|79,-35
66,69|50,-17
98,4|15,50
89,68|11,22
38,56|74,53
77,69|50,-2
7,96|-81,58
59,2|-4,72
84,12|-50,60
7,70|9,73
57,14|-5,-53